167516998
167517024
167538373
167536805
167526375
514679933
514686224
514683505
514688525
514697717
754345555
196006169
196004380
196014155
196016717
196012451
1034569094
189571674
578819692
767963484
578819688
156382383
156398552
156386258
156351334
156406024
828214001
828211629
828205881
828210350
828233487
115666275
780055014
390337821
780165413
390335673
1061385181
71989522
193207741
71991933
922581002
17352473
24580686
442633558
442633556
24665868
961116161
961100189
961069049
961140534
961111469
1133449996
1133460344
1133456359
761902972
340372651
918997468
919020443
919012943
919036210
919036208
