167516266
167519601
167535418
167534692
66808443
66827885
111219450
66815357
66820612
514688979
514655490
514690965
514688977
514681955
923132699
923123035
923125606
923125360
923135463
470321958
470361769
754344975
470323229
470289927
196008529
196001317
196008507
195998331
196009145
428980593
5453708
767983130
530405317
428980688
156402399
156371471
156405156
156382046
156352468
449668625
828198248
828222231
828210852
828205641
390358587
115723081
115873116
780033029
779995342
392886714
392920726
392920728
392918575
17566934
386768369
24586365
17864336
21357187
17136916
961099808
961095909
961079142
961125743
961072802
340374533
340378050
1133466222
340377541
340370380
919000998
919042116
919042118
919042114
919042121
