167527476
167522357
167535171
167537060
66808371
514687717
514688935
514698312
514684783
514684785
923139183
754346661
470296422
754350088
754341752
470291400
196015926
196015942
195999284
196007632
196016767
113722120
1034646477
1034646479
1034646481
1034646483
156387677
156396962
156371384
156358120
156393633
828198893
828204115
828235422
828210102
828211714
780183935
780080891
390366351
780080907
780080895
115533322
115533320
115532418
71983528
71983546
386766168
665394632
386766166
24648584
386766164
961131208
961079532
961071242
961133548
961133554
1133454764
1133454894
1133492165
1133452455
1133456090
919047999
919014386
919014383
919024652
919048009
