167523108
167538375
167519050
167525880
167517833
514689859
514683987
514696628
514699085
514692441
470293116
754346627
470305965
195997863
196008055
196015491
196010353
196005989
41281808
1034571590
1034571581
1034571583
1034571586
156402804
156393382
156361922
156405451
156398291
828198996
828213713
828207870
828207868
828205187
780146010
390333584
780112217
780145976
390360531
392900925
392900927
392900923
392900921
392900929
442615262
386763881
386763879
442632176
221331142
961078947
961143159
961098524
961098527
961098518
340376105
1133458426
1133456164
1133450075
761902112
919079108
919079106
919052407
919052402
919052405
