167523172
167533219
167535981
167518612
167519577
66821367
66814368
66823681
66808035
166240253
514699039
514688897
514701319
514699199
514698212
923124774
923129202
923132063
923134245
923121997
754343367
754344557
754351649
754348972
754343714
196016144
196002882
195999442
195999392
195998385
189083798
1034573812
189083802
1034573835
1034573821
156368554
156396892
156386363
156407866
156357022
828213112
828213497
828191302
449687163
828214719
780135608
780022091
780042078
47550963
185136133
17568553
17553936
17507983
17508741
1061385258
17737417
24582549
24582545
221473430
221473426
961131892
961140574
961067409
961100118
961139049
1133451887
1133459753
1133483664
1133450128
1133455731
919060262
919088411
919078456
919021847
919021845
