167536805
167516998
167517024
167538373
167535171
514686224
514679933
514683505
514688525
514697717
923137745
754345555
196006169
196004380
196016717
196012451
196014155
115387123
218505777
218505775
218505781
218505785
156398552
156386258
156368057
156382383
156399383
828214001
828205881
828211629
828210029
828233487
115666275
390337821
780165413
390341791
780055014
193207741
922581002
71991933
71989522
1061385181
24651170
24580686
221330158
281363131
386767716
961100189
961116161
961119185
961119191
961119182
1133449996
1133460344
1133477134
1133456359
340379309
919007698
918997468
919012943
919020443
919003097
