167523108
167525880
167519050
167525547
167519519
514689859
514683987
514696628
514698658
514698474
470296585
470293116
470323867
470305965
754343301
195997863
196008055
196010353
196015491
196005989
305632788
767963828
767963830
767963834
13376349
156393382
156405451
156340278
156405449
156340280
828213713
828198996
828198711
828207870
828207868
390333584
780112217
780174505
780146010
390360531
71984092
392892459
25150157
808357080
392900925
442615262
386763881
386763879
442632176
221331146
961078947
961133530
961133511
961133508
961133505
1133456164
340376105
1133456166
761902112
1133450075
919052405
919052410
919052407
919052402
919052397
