167527384
167537971
167520864
167521830
167535856
66806983
66814134
66807111
66819087
66804239
514693302
514682221
514691756
514684482
514688893
923134571
923118930
923134077
923132575
923126481
754347461
470290844
470326977
754347469
470295760
196004921
195999740
195997111
196006906
196011836
34304383
542133068
148664246
557878701
530360651
156368165
156390773
156365713
156387480
156365987
828212065
828223251
828209321
828197605
828197607
115803092
780144594
780093249
780166551
390364966
25145251
17542700
808356512
71981414
71981411
20129939
24650843
24581258
281366284
281366282
961125294
961078605
961095662
961095674
961095671
761911057
340386920
761901430
1133487554
1133465786
919082261
919006860
919035149
919000015
919000013
