167525854
167538373
167520938
167525224
167518632
66823823
166240101
66826469
66808837
66819725
514698288
514692317
514683505
514684548
514694452
923123357
923132871
923131981
923128952
470293655
470308774
470323444
470297577
470297786
196003946
196008815
195999444
195998782
196008067
219842266
219842259
578835999
21264602
768017170
156400070
156400072
156400068
156371064
156371020
828213499
828232982
828212348
449666107
828224296
780031693
780163219
390348792
780113671
780064244
808356958
71991177
808356960
392900546
71991183
17136292
17136294
24584296
386769627
17737557
961124388
961118223
961139209
961137826
961071770
1133461696
1133465961
1133456134
1133452958
1133494490
919078468
919006095
919006098
919078470
919078508
