167525880
167523108
167519519
167538375
167516598
514683987
514689859
514696628
514698474
514688653
470296585
470323867
470305965
470293116
196008055
195997863
196010353
196015491
196011666
290746376
290746380
767956914
767956918
767956920
156393382
156405451
156402804
156340280
156361922
828213713
828198996
828214116
828214113
828205187
780112217
390333584
780146010
780174505
390360531
71984092
392900929
392900925
392900927
392900921
442632182
221331146
221331148
442632176
221331142
961078947
961108926
961125861
961133511
961133508
1133456164
340376105
1133456166
1133458426
761905820
919077915
919057726
919052407
919052402
919052405
