367460064
568949801
755522197
755522199
115511010
367460068
568949805
367460066
568949803
261823963
130507685
115511052
568960787
568960783
568960785
568960781
568960777
568960779
157041246
157041244
157041248
46399202
569003411
569003413
569003409
568961013
568961011
568961002
124486759
240120042
86990450
568905921
568905925
597436878
568905927
124494242
6678986
568972076
124487037
255069756
568974509
257196127
118026911
755513635
755530462
145864471
68299824
1039761692
114326446
241982716
585670882
585679918
585715706
585718275
585670894
585700699
291236516
585719308
585719304
585719300
585697312
585673999
585719976
585660883
585677117
585672807
585672803
585686382
585719312
585672017
585669023
585670687
585705678
585661741
585672009
585672013
585666886
585677175
196016144
196002882
195999442
195999392
195998385
196005169
196002267
196016277
196001841
196012132
196000658
196010704
196016788
195996555
195999108
196011666
575484578
575485054
575481404
575474830
575471436
575475564
575475070
575485048
575473564
754343367
754344557
754351649
754348972
754343714
754343267
754352391
470300409
754347339
470301500
754345832
754352024
754345136
754344585
754345051
470295359
754347603
470363792
754347671
470307390
470321642
470364796
470289422
754350687
754343369
470323361
470291110
599361409
599411171
599382585
599421482
599381075
599420516
599372737
676444699
676444515
676480526
676468498
676477501
676431789
676423160
676450104
676496723
676495224
676461082
676492322
676422742
676479367
676436602
676479361
676425854
676496729
676496747
676485356
676481481
676496738
676479364
676492982
676466954
676457216
676438002
676480523
676496753
676438005
676496757
676496638
676435324
676496382
676496744
676496632
676496635
676429468
676450113
676472442
676432979
219116416
219122035
219120564
219122135
219114377
219129131
219118019
219113793
219114485
302831722
302845917
302849137
302829098
302854184
831756236
831789912
831781407
831758465
831783862
831778745
831774183
831778832
831759608
831778128
831766677
831787447
831757059
831771493
831787973
831789170
831777785
831772596
831759882
831759834
1063680098
42561681
15240028
334188180
186514513
334188182
30685403
1063705463
42569537
1063705616
15219766
1063681694
42561814
1063705622
1063705620
1063705626
1063705614
42569586
1063704232
1063704228
1063704230
42569181
145334819
42568525
15231004
1063694691
15221848
1063725269
1063728892
1063728894
1063717507
15230968
1063717503
334186958
1063725271
334187115
334187117
42567348
1063726492
1063712613
238481323
42562644
1063705465
334185486
1063705468
1063705618
334188659
30698170
30698168
42562547
957858043
957825873
957832162
957832154
957825781
957825783
957844310
957823583
957852883
957852891
957822204
957825785
957839160
957856874
957833832
957833102
957854968
957839006
957840719
957829877
957828333
957828331
957823585
957850294
957847936
957862268
957823187
957858400
957864789
957821882
957862271
957847930
957832285
957841184
957836980
957863880
957831397
957818078
957835230
961131892
961140574
961067409
961100118
961139049
961139043
961139046
961093263
961105354
961105351
961105357
961105348
961127322
961099236
961090440
961139143
961104683
961102401
961130694
961130691
961130688
961109463
961106567
961106570
961081910
961081931
961081928
961081907
961081895
961081925
961081904
961081913
961081901
961081898
961081922
961081916
961081919
961092326
961140791
961069569
961106573
961103846
961133811
961136010
961078563
961084144
961116443
1133451887
1133459753
1133483664
1133450128
1133455731
1133448985
1133468041
1133448439
1133475246
1133475244
340368596
1133463446
1133461626
340368578
1133460696
1133468739
1133472170
1133457368
1133459722
1133472822
1133454690
1133480148
1133464676
1133493317
1133453539
761904248
1133465501
1133464622
1133458079
1133454380
66821367
66814368
66823681
66808035
166240253
66805717
66819573
66805299
66818801
66805253
66820761
66801551
66819081
66806903
156368554
156396892
156386363
156407866
156357022
156391275
156394469
156366795
156377928
156369675
156397438
156357096
156397259
156395117
156337014
156367282
156388875
156324730
156334643
156323993
156395115
156389599
156310297
156368731
156402925
156397257
156367286
156305353
156303041
1069968460
1069944777
1069944787
1069963760
1069951632
1069952468
1069940994
1069940858
1069936458
1069938686
1069959462
1069968942
1069944447
1069959326
1069942212
1069957641
1069942214
6324902
6319290
330443650
6323756
6321812
923124774
923129202
923132063
923134245
923121997
923121995
923125620
923139229
923139293
923131219
923120935
923138783
923125212
923132061
923125472
923131573
923125476
923128087
923120534
923126649
923122637
923134755
923123057
923123333
923134753
923136931
923129427
551670502
551637641
551638301
551647457
551642303
551637748
551648968
551632163
551657028
551649191
551667037
551640998
72388128
788002222
74026244
788028270
67477667
67483616
124513582
124505993
124513304
86170993
124806330
258597388
145512431
145487300
145546332
145544066
145519081
145505437
145520423
145483985
145488067
145491726
19074177
85014511
828213112
828213497
828191302
449687163
828214719
828228880
828207248
828198808
828222195
828218104
828213969
828216650
828218028
828213300
828232461
828231287
449665234
828219219
828219221
828200832
828219807
449668718
828217128
449685317
828226846
828209587
828200302
449665093
828205212
828197139
828195146
828198282
844872854
844869082
844846262
844857790
844878774
844870286
844879947
844871533
844871523
844858508
844850265
17568553
17553936
17507983
17508741
1061385258
1061385256
25150354
32566139
808355833
71983975
71986155
808355831
808358096
25150292
17509401
17508449
17561652
392884660
392884662
32566156
808359005
392927368
392927374
392927376
808359009
392927372
808359007
392927370
133900948
133900950
71996268
25143518
339246673
339246675
339247611
339251558
339260668
339261788
339249938
339245631
339243457
339235529
339245633
339247199
339238839
339260578
339263750
675850706
675868968
675873428
675886774
675859928
675873302
675847634
675890758
675879780
675890096
675857992
675889126
675863440
675852306
675854714
675889776
675858820
675885448
675875910
675874620
675873648
675850188
675855034
675851600
675880814
675850396
675867538
675855032
675874120
675885450
675887754
675847794
694541662
694544509
694529857
694543932
694538337
694527378
694532536
694536199
694534507
241861300
242003695
241618557
241753596
241997622
241733201
241998678
240952296
241674439
241740501
241594108
241684490
241682494
241999016
241126770
241998680
241855642
241566004
241860659
240980926
304570837
929771116
929757391
929759616
929757823
929742392
929746869
929744784
929743742
929742736
929736812
929745932
929745548
929737104
929737879
929739661
929746285
929740845
17737417
24582549
24582545
221473430
221473426
221329824
221329826
24655129
45551497
45549051
24586273
17647709
939626269
17137244
24586270
62471820
62471805
320544374
320544370
386768643
24762816
24762818
386769714
281362444
24584706
24584702
386769716
24649614
281362442
665394938
24584700
24584710
24584716
281365099
28574239
281365095
24584704
24584692
939619638
24584712
386769710
24584696
386769708
24584694
386769712
24584714
320544699
320544701
78706810
45553483
919060262
919088411
919078456
919021847
919021845
919021841
919021843
919021839
919021837
919103988
919090837
919059750
919070017
919084309
919058516
919058512
919058514
919036391
919058505
919073783
919073787
919073785
919073781
919038431
919038409
919038429
919038425
919038427
919063885
919038395
919038411
919038415
919038397
919038399
919038403
919038383
919038413
919038391
919038423
919038389
919038421
919038401
919038419
919038417
919038385
919038393
919038387
919003495
919038405
919038407
780135608
780022091
780042078
47550963
185136133
390340931
780036684
780159815
390350732
780159807
780122005
780159801
780159824
115692122
780159796
780159784
47550961
780174335
780023917
780087711
780065683
780017623
780017619
780112558
780134837
780109773
780104484
780053013
780082924
780017748
780043157
390335687
780000749
390369222
780043152
780112412
780112416
390359523
390370340
780043162
780104777
390349144
780082749
780016915
780087561
780087557
780087563
780087571
780087565
780087559
1087825558
1087822964
699253395
1087824493
1087824490
1087807865
198418231
699254850
1087803384
1087826640
1087813402
1087813404
1087813400
1087814425
1087813396
1087813406
1087813398
1087805637
699248582
459173783
1087813839
1087822140
1087822138
699247679
1087813462
1087807596
699255613
699254520
1087813785
198425934
699237309
1087824893
1087821080
1087821086
1087821089
1087821092
1087821083
35215302
688605521
528513727
688605515
1040692988
1040672573
1040672571
528471807
688538701
688570406
688570404
528481809
1040654635
1040683789
688605206
688605200
725798589
1040698792
528508407
688597870
1040669711
688597862
688597873
528508405
688597865
688597878
688597867
688597860
125854492
688570657
528516238
1040682289
1040682291
688570015
528489514
528489520
528489173
688570012
688570651
688570018
528501964
528501966
688588345
953953809
326670574
528489512
528489516
528491261
528491259
528489518
167523172
167533219
167535981
167518612
167519577
167524940
167524867
167516480
167521802
167517679
167521988
167521319
167521125
167519783
167522114
167527328
167519651
167517213
167535830
167523477
167525948
167522930
167538066
167523174
167523954
167522884
167524641
167525367
167518878
167524350
167521127
167524348
167524643
167521129
167518654
167536652
167522737
514699039
514688897
514701319
514699199
514698212
514700340
514701823
514696154
514688202
514694073
514700574
514690652
514697723
514692994
514696128
514686260
514686559
514685515
514688348
514683277
514694151
514690528
514683223
514682159
514680519
514698698
514687048
514696372
514685374
514701099
514697271
514701577
514695955
514699215
514700128
189083798
1034573812
189083802
1034573835
1034573821
767968213
1034573825
1034573806
1034573817
1034573819
1034573808
1034573810
1034573815
767968230
1034573823
1034573833
256355179
767918227
578804363
122937512
1034614151
154354979
578809923
215982794
215982791
1034590734
530405882
1034590732
1034590728
1034590724
1034590726
1034590721
1034590719
767992294
1034599990
118402590
1034599986
122937345
767984698
153945715
194328685
1057503234
1057503232
1034591294
44889481
124494240
124494247
767916809
124494238
767916807
