28849903
1039735841
228008419
568953095
269784666
269784664
568953091
124487039
568978104
568978096
755533944
568966472
755533941
568966476
568966474
1039731968
755533935
1039731989
755533939
568966470
568966464
755533922
755533933
755533924
1039731974
755533952
1039731970
1039731972
568966468
568966466
1039731966
755533918
755533926
568966460
755533911
755533930
755533916
1039731976
755533913
1039731978
755533920
755533955
568966482
1039731980
755533959
755533957
568966492
1039731986
116256491
1039731984
291241063
585651358
585651362
585721155
585687128
291241491
585642955
585667955
585706586
585662564
585698376
585675845
291227549
291231136
291230046
585673761
291223219
585662541
585694623
585650716
291232363
585714220
585698478
585654427
585677203
291224045
291222179
585713132
585721258
585659169
585714572
291238961
585659436
585672828
585686166
291243443
585675582
291229602
585707140
585677637
291224535
585713128
585720419
585678015
585723633
585695573
585717075
585653791
291227177
585668592
196004921
195999740
195997111
196006906
196011836
196007804
195999040
195996785
195999604
196004490
196005477
196005469
195998592
196005473
196005483
196005485
196012363
196003354
196011405
195999810
196017350
196017826
196010471
196017463
196013637
196014253
196012626
575475784
575471260
575484036
575475614
575479076
575474376
754347461
470290844
470326977
754347469
470295760
754346837
754349627
754344827
754343945
470289177
470361288
754349637
754341814
470307742
470307178
754347525
470309210
470301569
470322101
754347355
470309070
754346060
754342415
470305196
754341828
470297654
754344466
470362791
754350547
754351142
470325924
470363222
470301167
470309067
470298270
470325598
599353884
599367315
599394978
676490092
676474159
676459347
676422882
676462615
676462484
676436315
676476745
676435344
676458416
676492014
676421829
676488810
676487863
676490374
676471300
676481351
676462551
676442112
676456654
676496064
676476490
676420269
676433921
676483364
676435369
676438421
676431925
546324522
546327036
546327079
546312182
546327800
219114091
219110973
219113986
219124471
302841920
302844091
302836016
302851136
302841731
302843866
302830596
302828084
302851740
302836161
302840886
302847520
302838532
302850991
302845614
831755469
831765777
831783334
831755570
831780287
831774309
831761696
831786967
831753933
831789087
831774171
831769041
831783324
831753963
831781559
831777832
831758378
831755140
831758636
831775544
831761601
831765022
831756476
831778084
831756605
30684047
30678058
15237008
30690372
334187190
15227825
15234270
18397861
186500357
1063709999
79312800
15229331
334185083
79517230
30684032
1063704972
15225768
30695517
30693099
1063734826
30684671
1063734824
186512041
240256292
1063731804
15232991
15225141
1063709097
15238757
957854865
957858367
957841180
957858620
957826448
957861680
957826096
957819108
957841194
957820979
957864005
957821943
957821935
957821941
957853577
957816367
957816369
957822212
957822236
957822242
957822218
957822653
957822655
957822649
957822651
957851016
957857431
957820298
957845850
957860912
957820290
957820296
957820292
957820300
957827195
957842082
957843755
957845231
957823538
957837724
957826882
957830671
957826637
957844467
957845032
957828494
957855107
957864881
957817376
957860201
961125294
961078605
961095662
961095674
961095671
961095668
961095683
961095698
961095680
961095695
961095692
961095686
961095710
961095707
961095704
961095728
961095677
961095689
961095713
961095701
961095665
961095716
961114349
961114352
961078455
961095722
961095725
961095719
961131602
961069125
961139892
961139895
961100510
961100507
961069955
961069958
961069949
961069952
961113763
961121158
961113769
961113766
961112271
961113772
961069119
961069122
961069575
961093205
961142967
961142970
761911057
340386920
761901430
1133487554
1133465786
1133467949
340376373
1133448820
761913222
1133485624
1133449159
761920776
340374818
761916200
1133480258
1133448497
1133448499
1133447432
340379387
1133468430
1133465068
1133487552
1133468432
1133473066
1133471538
1133451803
1133472684
1133468434
1133468384
1133449761
1133449759
1133472800
1133474433
761901533
1133481546
761903248
1133464150
1133461785
1133474737
1133452343
1133474735
1133484739
1133483240
1133450152
1133448915
1133477264
1133472682
1133479159
1133482013
1133477762
66806983
66814134
66807111
66819087
66804239
66819447
66806581
66826541
66810061
66805191
166240504
66820264
66803130
66828307
66802326
66818203
66809983
66814830
66800045
66820186
66809107
66815081
66824971
66806165
156368165
156390773
156365713
156387480
156365987
156371463
156408291
156389460
156407432
156365745
156377708
156353109
156372746
156396874
156330187
156376803
156408512
156389036
156351138
156407964
156363867
156390330
156379730
156363869
156394250
156401310
156369573
156397271
156389126
156401219
156368489
156388381
156390196
156391167
156377241
156407069
156391831
156377150
156367505
156389056
156402889
156377237
156398371
156403011
156341963
156337290
156396436
1069943342
1069948113
1069944413
1069956883
1069948589
1069936908
6322079
6323713
6319899
923134571
923118930
923134077
923132575
923126481
923125923
923130377
923132183
923125921
923139289
923138601
923122445
923135391
923134075
923137073
923137445
923126687
923130335
923132267
923124372
923133351
923138767
923129703
923137825
923133085
923126799
923123813
923126507
923128659
923132781
923137739
923121777
923128952
923126160
923133933
923138669
923125194
923135881
923123729
923129509
923123731
923125162
923130187
923126925
923121526
923136428
923135219
923136310
923128829
923136580
551639829
551644482
551642971
551643971
551642949
551650483
551674797
551656304
551664837
551670609
551656097
551642961
551629390
551657166
551654671
551630878
551629516
551658292
551649048
551662008
551634216
551648656
551630496
551675107
551667261
551649463
551650109
551638267
551670002
551659328
551639686
551662742
551636257
551646461
551639518
551629387
551631366
551661243
551670583
551655867
551662071
551654356
551667880
551674889
551640517
551646475
551660198
551629942
551639636
551652414
71755303
788023546
72390567
72390982
788007190
71745818
788015249
788000011
72386879
74025862
67473610
67472661
67465279
183231056
258597009
124808739
124803987
296005373
145539888
145543859
145512285
145513312
145510969
145529045
145540505
145479085
145534750
145490935
145484611
145490056
145484292
145508527
145509114
145482465
145526310
145552948
145477713
145549924
145514526
145521845
145516715
145514323
145483487
145495208
145503378
145484643
828212065
828223251
828209321
828197605
828197607
828235383
828210387
828201002
828235386
828212379
828219845
828217308
828211819
828191571
828216886
828223246
828224782
828196047
828220209
828196045
828220207
828211337
828233740
828194261
828197254
828233407
828191551
828223849
449662612
828220171
828191575
828196371
828193840
449664782
828196049
828196531
828219315
828225995
449680685
828208140
828190198
449670021
828228346
828194820
828223194
828220538
828205648
449673421
828227516
828209697
844861448
844861443
844836367
844853018
844868594
844880265
844862356
844839594
844838287
844854230
844848799
844859574
844837248
844858549
844877360
844870393
844868528
844853864
844873768
844839417
844863190
844863477
25145251
17542700
808356512
71981414
71981411
17510899
212645194
72001594
72001592
17555340
193209259
808357110
212645948
808355037
115533596
808355033
808355035
193203261
392926710
808356972
392900684
392900686
808356978
808356974
808356976
392900688
808356980
392893912
392918414
922581312
17507869
17507871
17510093
71981141
71981154
17535267
71981147
17551040
339252376
339234975
339240981
339247157
339250362
339236973
339235881
339238413
339235137
339246997
339251904
675874722
675859868
675884692
675854544
675863018
675867910
675864724
675852788
675853506
675860082
675856202
675890360
675884596
675850562
675882760
675859286
675891802
675883232
675870934
675859470
675852072
694532501
694545908
694535991
694540377
694527021
694533649
694540528
694541132
694539914
241259114
241238069
242001038
241826926
241264284
240977910
241576133
241351482
241562054
242001132
241747036
241596155
241786585
241997600
242000796
241248929
241725989
241782193
240957928
241096204
241735646
241155729
241693910
241642592
241148359
241999880
241723098
241694478
241126882
241752757
241571264
241645842
242000892
241626004
242001260
241121740
241998730
240982696
240952146
929768674
929751156
929751158
929751154
929751160
929758837
929757059
929773538
929755706
929772904
929768434
929763989
929763239
929754202
929773140
929748401
929756140
929764631
929768828
929758517
929756138
929755660
929764493
929748709
929748607
929760510
929760512
929760514
929756407
929764771
20129939
24650843
24581258
281366284
281366282
442632685
386771198
386771204
281366286
161084152
386771206
161084156
386771200
386771202
386766475
116007178
320542265
320542263
28571234
28571229
24649848
442621016
161078304
320542261
442620831
386766392
665394936
28571865
442620833
320545674
665410037
161082081
320545676
320545664
161082110
442630831
320545662
161082106
320545672
161082096
442633203
320544206
24666367
665402504
665402508
320544204
281363919
665402502
221330480
221330482
919082261
919006860
919035149
919000015
919000013
919053323
919056272
919053319
919053321
919035492
918996153
919083204
919010932
919083239
918996151
919000019
919015805
919094794
919000017
919083201
919013471
919037978
919090494
919057457
919057459
919083222
919075991
919044293
919086965
919054817
919054820
919054822
919086967
919000270
919086969
919055030
919099651
919034795
919097166
919099642
919099649
919099644
919099653
919099639
919016394
919099646
919090954
919052981
919083714
919017603
115803092
780144594
780093249
780166551
390364966
72016467
780099279
115767247
780186853
780000194
390369469
780175874
780114121
780121272
780102365
780110938
390367409
780060740
780129118
390362752
780027084
780027782
780057428
780110932
780114116
780011393
780145836
780136604
780074099
780175883
780127896
780186844
780186858
780007176
780053847
780177422
780027805
780126541
780064982
780183978
780146559
115620446
780000198
780112972
780143609
780066344
780076221
780175880
780060729
780074942
699248077
1087823191
1087823189
699243897
459182982
1087829982
1087829988
1087829984
1087829974
1087829976
1087829980
1087829978
1087829986
459173411
1087826168
198416267
459172923
198412756
1087816344
1087816341
1087816346
699250278
198434096
198428678
1087831315
1087831313
198433835
198434515
1087795283
198433649
1087812963
1087811206
1087829913
699238636
1087807186
699255322
1087819266
1087800612
1087800606
1087800603
1087800609
1087801370
198413528
1087822591
699237322
1087811533
1087811535
699254963
1087803593
198427641
292612143
688581241
50345038
1040683281
688569202
688569194
688569191
181339832
688569199
688569197
688569206
528505402
1040670754
1040654173
688595170
528506641
528506646
688595182
688595177
66392221
688598457
688605447
688594255
688594251
688594234
688594223
688594216
688594242
1040667979
688594236
1040667975
688594211
688594249
688594239
688594205
688594202
688594219
1040667981
688594231
688594257
688594259
688594274
1040667994
688594265
41055815
688579065
1040659553
688579059
688579062
688579048
167527384
167537971
167520864
167521830
167535856
167522120
167537874
167538693
167534774
167519793
167524619
167518668
167537680
167516108
167534541
167535953
167538497
167520218
167516290
167538440
167519424
167525401
167518269
514693302
514682221
514691756
514684482
514688893
514688278
514648546
514698548
514696710
514685675
514685124
514682741
514694688
514697855
514700458
514699805
514694373
514693747
514694403
514685831
514695537
514693014
514698436
514695687
514690388
514695339
514699809
514647035
514685232
514695685
514680873
514683868
514680002
514700514
514682530
514701311
514694075
514690187
514699031
514689606
514695799
514681174
514681150
514691750
514701445
514687535
514685308
514681582
514689172
514694952
34304383
542133068
148664246
557878701
530360651
1034562222
55741641
110431370
767906247
767906243
767906245
767906259
767906257
1034562225
665821224
70995241
665821243
665821164
268607595
116325987
62988328
1034567949
1034567917
1034567915
1034567913
1034567951
1003701558
1034567947
1034567921
325053666
1034567925
1034567935
1034567931
530393456
1034567937
1034567933
325053668
1034567941
1034567923
1034567927
1034567943
1034567919
1034567908
1034567945
1034567939
1034567929
1034567910
1034639556
1034639560
1034639572
